(0,(0.0,(0.0,0.0,0.0)))
(50,(1013.6041,(1013.4936,1014.9559,-6.429032)))
(51,(1012.63525,(1013.38306,1014.9559,-6.915006)))
(52,(1012.6741,(1013.2725,1014.9559,-7.4009805)))
(53,(1012.79956,(1013.162,1014.9559,-7.8869553)))
(54,(1012.97845,(1013.05145,1014.9559,-8.37293)))
(55,(1013.1519,(1012.941,1014.9559,-8.858636)))
(56,(1013.0469,(1012.8305,1014.9559,-9.344342)))
(57,(1013.10504,(1012.72003,1014.9559,-9.830048)))
(58,(1012.99927,(1012.60956,1014.9559,-10.315754)))
(59,(1013.1001,(1012.4991,1014.9559,-10.80146)))
(60,(1013.2438,(1012.3887,1014.9559,-11.286898)))
(61,(1012.5481,(1012.27826,1014.9559,-11.772336)))
(62,(1012.3982,(1012.16785,1014.9559,-12.257773)))
(63,(1011.17633,(1012.05743,1014.9559,-12.743212)))
(64,(1011.29175,(1011.947,1014.9559,-13.228649)))
(65,(1011.8556,(1011.8367,1014.9559,-13.713819)))
(66,(1011.12585,(1011.7263,1014.9559,-14.198988)))
(67,(1011.7656,(1011.61597,1014.9559,-14.684157)))
(68,(1011.69507,(1011.5056,1014.9559,-15.169327)))
(69,(1010.7632,(1011.39526,1014.9559,-15.654496)))
(70,(1011.006,(1011.285,1014.9559,-16.139397)))
(71,(1011.41223,(1011.1747,1014.9559,-16.624298)))
(72,(1010.3433,(1011.0644,1014.9559,-17.1092)))
(73,(1010.8657,(1010.9541,1014.9559,-17.5941)))
(74,(1010.7274,(1010.8438,1014.9559,-18.079002)))
(75,(1010.7953,(1010.7441,1012.8716,-3.299013)))
(76,(1010.8511,(1010.6929,1012.8716,-3.3784194)))
(77,(1010.7475,(1010.64166,1012.8716,-3.457826)))
(78,(1010.7811,(1010.59045,1012.8716,-3.5372324)))
(79,(1010.0,(1010.53925,1012.8716,-3.616639)))
(80,(1009.4552,(1010.48804,1012.8716,-3.6960454)))
(81,(1009.458,(1010.4368,1012.8716,-3.775452)))
(82,(1009.8556,(1010.3856,1012.8716,-3.8548584)))
(83,(1010.5641,(1010.3344,1012.8716,-3.934265)))
(84,(1010.70496,(1010.2832,1012.8716,-4.0136714)))
(85,(1010.9031,(1010.232,1012.8716,-4.0930777)))
(86,(1010.50037,(1010.1808,1012.8716,-4.1724844)))
(87,(1010.60864,(1010.1296,1012.8716,-4.2518907)))
(88,(1010.10315,(1010.0784,1012.8716,-4.3312025)))
(89,(1011.64905,(1010.0273,1012.8716,-4.4105144)))
(90,(1011.25,(1009.97614,1012.8716,-4.489826)))
(91,(1012.13104,(1009.925,1012.8716,-4.569138)))
(92,(1011.96246,(1009.87384,1012.8716,-4.64845)))
(93,(1012.0626,(1009.8227,1012.8716,-4.7277617)))
(94,(1012.225,(1009.77155,1012.8716,-4.8070736)))
(95,(1012.22876,(1009.7204,1012.8716,-4.8863854)))
(96,(1012.1148,(1009.66925,1012.8716,-4.9656973)))
(97,(1011.1,(1009.6181,1012.8716,-5.045009)))
(98,(1011.0619,(1009.56696,1012.8716,-5.124321)))
(99,(1010.8635,(1009.5158,1012.8716,-5.203633)))
(100,(1010.82495,(1010.7687,1011.52576,-2.1727364)))
(101,(1011.33124,(1010.7124,1011.52576,-2.3342378)))
(102,(1010.32495,(1010.6561,1011.52576,-2.4957392)))
(103,(1011.0388,(1010.59985,1011.52576,-2.6572406)))
(104,(1010.4998,(1010.5436,1011.52576,-2.818742)))
(105,(1010.49994,(1010.4873,1011.52576,-2.9802434)))
(106,(1010.46234,(1010.431,1011.52576,-3.1417449)))
(107,(1010.401,(1010.37476,1011.52576,-3.3032463)))
(108,(1010.2461,(1010.3185,1011.52576,-3.4647474)))
(109,(1010.19995,(1010.26227,1011.52576,-3.6260738)))
(110,(1010.0189,(1010.20605,1011.52576,-3.7874)))
(111,(1009.74915,(1010.14984,1011.52576,-3.9487262)))
(112,(1009.84863,(1010.0936,1011.52576,-4.1100526)))
(113,(1010.11255,(1010.0374,1011.52576,-4.2713785)))
(114,(1010.3384,(1009.9812,1011.52576,-4.432705)))
(115,(1010.39307,(1009.925,1011.52576,-4.594031)))
(116,(1009.8251,(1009.8688,1011.52576,-4.7553573)))
(117,(1009.79565,(1009.81256,1011.52576,-4.916683)))
(118,(1010.0,(1009.75635,1011.52576,-5.0780096)))
(119,(1009.4743,(1009.70013,1011.52576,-5.239336)))
(120,(1009.73584,(1009.6439,1011.52576,-5.400662)))
(121,(1009.9402,(1009.5877,1011.52576,-5.5619884)))
(122,(1010.1875,(1009.5315,1011.52576,-5.7233143)))
(123,(1010.2999,(1009.4753,1011.52576,-5.8846407)))
(124,(1012.1948,(1009.41907,1011.52576,-6.045967)))
(125,(1011.369,(1011.39905,1010.6349,1.2885934)))
(126,(1011.35016,(1011.4291,1010.6349,1.3392314)))
(127,(1011.6125,(1011.4591,1010.6349,1.3898695)))
(128,(1011.5355,(1011.48914,1010.6349,1.4405074)))
(129,(1011.5034,(1011.51917,1010.6349,1.4911455)))
(130,(1010.91565,(1011.5492,1010.6349,1.5417835)))
(131,(1010.7754,(1011.5792,1010.6349,1.5924215)))
(132,(1010.0,(1011.60925,1010.6349,1.6430595)))
(133,(1009.9492,(1011.6393,1010.6349,1.6936976)))
(134,(1010.2374,(1011.6693,1010.6349,1.7443355)))
(135,(1009.5,(1011.69934,1010.6349,1.7949736)))
(136,(1009.5327,(1011.7294,1010.6349,1.8456116)))
(137,(1008.7803,(1011.7594,1010.6349,1.8962497)))
(138,(1008.1515,(1011.7894,1010.6349,1.9468876)))
(139,(1007.8624,(1011.81946,1010.6349,1.9975256)))
(140,(1009.18225,(1011.8495,1010.6349,2.0481637)))
(141,(1009.7468,(1011.8795,1010.6349,2.0988016)))
(142,(1010.025,(1011.90955,1010.6349,2.1494396)))
(143,(1009.8404,(1011.9396,1010.6349,2.2000778)))
(144,(1010.253,(1011.9696,1010.6349,2.2507157)))
(145,(1010.3371,(1011.99963,1010.6349,2.3013537)))
(146,(1010.28424,(1012.02966,1010.6349,2.3519917)))
(147,(1010.04517,(1012.0597,1010.6349,2.4026299)))
(148,(1009.9945,(1012.0897,1010.6349,2.4532678)))
(149,(1009.98517,(1012.11975,1010.6349,2.5039058)))
(150,(1009.6079,(1009.59033,1010.2103,-1.276613)))
(151,(1009.59955,(1009.57275,1010.2103,-1.3128076)))
(152,(1009.8904,(1009.5552,1010.2103,-1.3490021)))
(153,(1009.35,(1009.5376,1010.2103,-1.3851967)))
(154,(1009.7999,(1009.52,1010.2103,-1.4213912)))
(155,(1009.8003,(1009.50244,1010.2103,-1.4575858)))
(156,(1009.9939,(1009.48486,1010.2103,-1.4937805)))
(157,(1010.4474,(1009.4673,1010.2103,-1.529975)))
(158,(1010.75,(1009.4497,1010.2103,-1.5661696)))
(159,(1011.0375,(1009.4321,1010.2103,-1.6023642)))
(160,(1010.76794,(1009.41455,1010.2103,-1.6385587)))
(161,(1010.91235,(1009.397,1010.2103,-1.6747533)))
(162,(1010.8529,(1009.3794,1010.2103,-1.7109479)))
(163,(1011.22986,(1009.3618,1010.2103,-1.7471424)))
(164,(1011.09247,(1009.34424,1010.2103,-1.7833371)))
(165,(1011.33905,(1009.32666,1010.2103,-1.8195317)))
(166,(1011.8761,(1009.3091,1010.2103,-1.8557262)))
(167,(1011.6094,(1009.2915,1010.2103,-1.8919208)))
(168,(1011.44385,(1009.2739,1010.2103,-1.9281154)))
(169,(1011.00085,(1009.25635,1010.2103,-1.9643099)))
(170,(1010.99854,(1009.2388,1010.2103,-2.0005045)))
(171,(1010.78906,(1009.2212,1010.2103,-2.036699)))
(172,(1010.48926,(1009.2036,1010.2103,-2.0728936)))
(173,(1010.65936,(1009.18604,1010.2103,-2.1090882)))
(174,(1010.49036,(1009.16846,1010.2103,-2.1452827)))
(175,(1010.40234,(1010.3681,1010.37213,-0.013577666)))
(176,(1009.8498,(1010.33386,1010.37213,-0.12898783)))
(177,(1009.55005,(1010.2996,1010.37213,-0.24439798)))
(178,(1009.7523,(1010.2654,1010.37213,-0.35980815)))
(179,(1009.60114,(1010.23114,1010.37213,-0.4752183)))
(180,(1009.6,(1010.1969,1010.37213,-0.59062845)))
(181,(1009.8999,(1010.16266,1010.37213,-0.70603865)))
(182,(1009.92395,(1010.1284,1010.37213,-0.8214488)))
(183,(1009.375,(1010.0942,1010.37213,-0.93685895)))
(184,(1010.1952,(1010.05994,1010.37213,-1.0522691)))
(185,(1010.025,(1010.0257,1010.37213,-1.1676793)))
(186,(1010.1439,(1009.99146,1010.37213,-1.2830894)))
(187,(1010.0876,(1009.9572,1010.37213,-1.3984996)))
(188,(1010.02344,(1009.923,1010.37213,-1.5139097)))
(189,(1009.6979,(1009.88873,1010.37213,-1.6293199)))
(190,(1009.42896,(1009.8545,1010.37213,-1.7447301)))
(191,(1009.4999,(1009.82025,1010.37213,-1.8601402)))
(192,(1009.7982,(1009.786,1010.37213,-1.9755504)))
(193,(1009.7001,(1009.7518,1010.37213,-2.0909605)))
(194,(1009.79944,(1009.7175,1010.37213,-2.2063708)))
(195,(1010.0,(1009.6833,1010.37213,-2.321781)))
(196,(1009.73425,(1009.64905,1010.37213,-2.437191)))
(197,(1009.8999,(1009.6148,1010.37213,-2.552601)))
(198,(1009.7156,(1009.58057,1010.37213,-2.6680114)))
(199,(1009.85,(1009.5463,1010.37213,-2.7834215)))
(200,(1010.75,(1010.74677,1010.22736,1.0188271)))
(201,(1010.82153,(1010.7435,1010.22736,1.0124818)))
(202,(1009.75,(1010.7403,1010.22736,1.0061367)))
(203,(1010.45276,(1010.73706,1010.22736,0.99979144)))
(204,(1010.3988,(1010.7338,1010.22736,0.99344623)))
(205,(1010.0051,(1010.7306,1010.22736,0.98710096)))
(206,(1009.7998,(1010.72736,1010.22736,0.98075575)))
(207,(1009.7053,(1010.7241,1010.22736,0.97441053)))
(208,(1010.5568,(1010.7209,1010.22736,0.9680653)))
(209,(1011.2934,(1010.71765,1010.22736,0.9617201)))
(210,(1010.88824,(1010.7144,1010.22736,0.9553749)))
(211,(1010.55005,(1010.7112,1010.22736,0.9490296)))
(212,(1010.23706,(1010.70795,1010.22736,0.9426844)))
(213,(1010.59735,(1010.7047,1010.22736,0.9363392)))
(214,(1010.4,(1010.7015,1010.22736,0.929994)))
(215,(1010.5,(1010.69824,1010.22736,0.9236488)))
(216,(1010.5062,(1010.695,1010.22736,0.91730356)))
(217,(1010.47656,(1010.6918,1010.22736,0.91095835)))
(218,(1010.2599,(1010.68854,1010.22736,0.9046131)))
(219,(1012.7488,(1010.6853,1010.22736,0.89826787)))
(220,(1013.58856,(1010.68207,1010.22736,0.89192265)))
(221,(1013.84985,(1010.67883,1010.22736,0.88557744)))
(222,(1013.6625,(1010.6756,1010.22736,0.8792322)))
(223,(1012.99756,(1010.67236,1010.22736,0.872887)))
(224,(1013.24945,(1010.6691,1010.22736,0.86654174)))
(225,(1013.1437,(1013.1993,1010.4724,3.4890926)))
(226,(1013.0499,(1013.2549,1010.4724,3.5602381)))
(227,(1012.94946,(1013.3105,1010.4724,3.6313834)))
(228,(1012.85144,(1013.3661,1010.4724,3.702529)))
(229,(1012.31287,(1013.4217,1010.4724,3.7736742)))
(230,(1011.0984,(1013.47736,1010.4724,3.8448977)))
(231,(1011.6,(1013.533,1010.4724,3.9161212)))
(232,(1012.496,(1013.5887,1010.4724,3.9873447)))
(233,(1012.59375,(1013.64435,1010.4724,4.0585685)))
(234,(1012.6812,(1013.7,1010.4724,4.1297917)))
(235,(1012.9452,(1013.7557,1010.4724,4.2010155)))
(236,(1012.4375,(1013.81134,1010.4724,4.2722387)))
(237,(1012.2898,(1013.867,1010.4724,4.3434625)))
(238,(1012.25,(1013.92267,1010.4724,4.4146857)))
(239,(1012.44995,(1013.97833,1010.4724,4.4859095)))
(240,(1012.5999,(1014.034,1010.4724,4.5571327)))
(241,(1012.74677,(1014.08966,1010.4724,4.6283565)))
(242,(1012.69434,(1014.1453,1010.4724,4.6995797)))
(243,(1012.6467,(1014.201,1010.4724,4.7708035)))
(244,(1012.6843,(1014.25665,1010.4724,4.8420267)))
(245,(1012.6644,(1014.3123,1010.4724,4.9132504)))
(246,(1012.8108,(1014.368,1010.4724,4.9844737)))
(247,(1011.44885,(1014.42365,1010.4724,5.0556974)))
(248,(1011.17786,(1014.4793,1010.4724,5.1269207)))
(249,(1010.95105,(1014.535,1010.4724,5.1981444)))
(250,(1010.0525,(1010.074,1011.75226,-4.0461116)))
(251,(1010.5508,(1010.09546,1011.75226,-3.9943159)))
(252,(1010.4531,(1010.11694,1011.75226,-3.94252)))
(253,(1010.6,(1010.1384,1011.75226,-3.8907242)))
(254,(1010.40625,(1010.1599,1011.75226,-3.8389282)))
(255,(1010.75,(1010.1814,1011.75226,-3.7871323)))
(256,(1010.1,(1010.2029,1011.75226,-3.7353365)))
(257,(1010.0034,(1010.22437,1011.75226,-3.6835406)))
(258,(1010.21765,(1010.24585,1011.75226,-3.6317446)))
(259,(1010.17615,(1010.26733,1011.75226,-3.579949)))
(260,(1010.0584,(1010.2888,1011.75226,-3.528153)))
(261,(1010.91125,(1010.3103,1011.75226,-3.476357)))
(262,(1010.59375,(1010.3318,1011.75226,-3.4245613)))
(263,(1010.82495,(1010.3533,1011.75226,-3.3727653)))
(264,(1011.20935,(1010.37476,1011.75226,-3.3209693)))
(265,(1011.2194,(1010.39624,1011.75226,-3.2691736)))
(266,(1011.2788,(1010.4177,1011.75226,-3.2173777)))
(267,(1011.6254,(1010.4392,1011.75226,-3.1655817)))
(268,(1011.35486,(1010.4607,1011.75226,-3.113786)))
(269,(1011.35425,(1010.4822,1011.75226,-3.06199)))
(270,(1011.35,(1010.50366,1011.75226,-3.010194)))
(271,(1011.325,(1010.52515,1011.75226,-2.9583983)))
(272,(1011.53394,(1010.54663,1011.75226,-2.9066024)))
(273,(1011.1,(1010.5681,1011.75226,-2.8548064)))
(274,(1011.1327,(1010.5896,1011.75226,-2.8030107)))
(275,(1010.75,(1010.7078,1011.5952,-2.494124)))
(276,(1010.2001,(1010.66565,1011.5952,-2.612663)))
(277,(1010.5,(1010.6235,1011.5952,-2.7312021)))
(278,(1010.5375,(1010.5813,1011.5952,-2.8497412)))
(279,(1010.7509,(1010.5391,1011.5952,-2.9682803)))
(280,(1010.44995,(1010.49695,1011.5952,-3.0868194)))
(281,(1010.6003,(1010.4548,1011.5952,-3.2053585)))
(282,(1010.3625,(1010.4126,1011.5952,-3.3238976)))
(283,(1010.08685,(1010.3704,1011.5952,-3.4424367)))
(284,(1010.2625,(1010.32825,1011.5952,-3.5609758)))
(285,(1010.1953,(1010.2861,1011.5952,-3.6795146)))
(286,(1010.38074,(1010.2439,1011.5952,-3.7980537)))
(287,(1010.06323,(1010.2017,1011.5952,-3.9165928)))
(288,(1010.3999,(1010.15955,1011.5952,-4.035132)))
(289,(1010.75037,(1010.1174,1011.5952,-4.1536713)))
(290,(1010.7992,(1010.07526,1011.5952,-4.2720385)))
(291,(1010.5999,(1010.03314,1011.5952,-4.390406)))
(292,(1010.81067,(1009.991,1011.5952,-4.508774)))
(293,(1010.58124,(1009.9489,1011.5952,-4.627141)))
(294,(1010.39417,(1009.9068,1011.5952,-4.7455087)))
(295,(1010.79395,(1009.8647,1011.5952,-4.8638763)))
(296,(1011.02386,(1009.8226,1011.5952,-4.982244)))
(297,(1010.8003,(1009.78046,1011.5952,-5.100611)))
(298,(1010.9563,(1009.73834,1011.5952,-5.218979)))
(299,(1010.5,(1009.6962,1011.5952,-5.3373466)))
(300,(1010.4875,(1010.4784,1010.6745,-0.3954698)))
(301,(1010.5993,(1010.4693,1010.6745,-0.41380936)))
(302,(1010.85,(1010.4602,1010.6745,-0.4321489)))
(303,(1010.9066,(1010.4511,1010.6745,-0.45048848)))
(304,(1010.8496,(1010.442,1010.6745,-0.46882802)))
(305,(1010.61206,(1010.4329,1010.6745,-0.4871676)))
(306,(1010.5499,(1010.4238,1010.6745,-0.5055072)))
(307,(1010.025,(1010.41473,1010.6745,-0.5238467)))
(308,(1010.0998,(1010.40564,1010.6745,-0.54218626)))
(309,(1010.05066,(1010.39655,1010.6745,-0.56052583)))
(310,(1010.0437,(1010.38745,1010.6745,-0.5788654)))
(311,(1009.55206,(1010.37836,1010.6745,-0.5972049)))
(312,(1009.9375,(1010.36926,1010.6745,-0.6155445)))
(313,(1009.9375,(1010.36017,1010.6745,-0.6338841)))
(314,(1010.0,(1010.3511,1010.6745,-0.6522236)))
(315,(1010.37415,(1010.342,1010.6745,-0.67056316)))
(316,(1011.1377,(1010.3329,1010.6745,-0.68890274)))
(317,(1011.11707,(1010.3238,1010.6745,-0.7072423)))
(318,(1011.94855,(1010.3147,1010.6745,-0.7255818)))
(319,(1012.1633,(1010.3056,1010.6745,-0.7439214)))
(320,(1011.40607,(1010.2965,1010.6745,-0.762261)))
(321,(1011.6714,(1010.2874,1010.6745,-0.78060055)))
(322,(1011.45026,(1010.2783,1010.6745,-0.79894006)))
(323,(1011.50037,(1010.2692,1010.6745,-0.81727964)))
(324,(1011.34937,(1010.26013,1010.6745,-0.8356192)))
(325,(1010.9227,(1010.9265,1010.64307,0.5384084)))
(326,(1009.82495,(1010.9303,1010.64307,0.5455964)))
(327,(1009.69293,(1010.9341,1010.64307,0.5527845)))
(328,(1009.89984,(1010.93787,1010.64307,0.5599725)))
(329,(1010.39294,(1010.94165,1010.64307,0.5671606)))
(330,(1010.1,(1010.94543,1010.64307,0.5743486)))
(331,(1010.14026,(1010.9492,1010.64307,0.5815367)))
(332,(1010.76337,(1010.953,1010.64307,0.58872473)))
(333,(1010.4437,(1010.9568,1010.64307,0.5959128)))
(334,(1010.2125,(1010.9606,1010.64307,0.6031009)))
(335,(1010.375,(1010.96436,1010.64307,0.6102889)))
(336,(1009.99994,(1010.96814,1010.64307,0.617477)))
(337,(1009.80005,(1010.9719,1010.64307,0.624665)))
(338,(1009.9249,(1010.9757,1010.64307,0.6318531)))
(339,(1009.8281,(1010.9795,1010.64307,0.6390411)))
(340,(1009.42505,(1010.9833,1010.64307,0.6462292)))
(341,(1008.9723,(1010.98706,1010.64307,0.6534172)))
(342,(1008.9966,(1010.99084,1010.64307,0.6606053)))
(343,(1008.3391,(1010.9946,1010.64307,0.66779333)))
(344,(1007.95624,(1010.9984,1010.64307,0.6749814)))
(345,(1009.4848,(1011.0022,1010.64307,0.68216944)))
(346,(1009.48193,(1011.006,1010.64307,0.6893575)))
(347,(1009.4383,(1011.00977,1010.64307,0.69654554)))
(348,(1009.50244,(1011.01355,1010.64307,0.7037336)))
(349,(1009.52026,(1011.01733,1010.64307,0.71092165)))
(350,(1008.9744,(1008.95483,1010.24115,-2.44177)))
(351,(1008.93066,(1008.93524,1010.24115,-2.4789612)))
(352,(1007.9868,(1008.91565,1010.24115,-2.5161526)))
(353,(1008.3938,(1008.89606,1010.24115,-2.553344)))
(354,(1008.944,(1008.87646,1010.24115,-2.5905354)))
(355,(1008.3148,(1008.8569,1010.24115,-2.6277268)))
(356,(1008.3777,(1008.8373,1010.24115,-2.6649182)))
(357,(1008.3202,(1008.8177,1010.24115,-2.7021096)))
(358,(1008.1094,(1008.7981,1010.24115,-2.739301)))
(359,(1008.6499,(1008.7785,1010.24115,-2.7764924)))
(360,(1008.59973,(1008.7589,1010.24115,-2.8136837)))
(361,(1007.3811,(1008.7393,1010.24115,-2.8508751)))
(362,(1007.3239,(1008.7197,1010.24115,-2.8880665)))
(363,(1008.4016,(1008.70013,1010.24115,-2.9252577)))
(364,(1008.2268,(1008.68054,1010.24115,-2.962449)))
(365,(1007.9617,(1008.66095,1010.24115,-2.9996405)))
(366,(1007.7894,(1008.64136,1010.24115,-3.0368319)))
(367,(1007.9772,(1008.62177,1010.24115,-3.0740232)))
(368,(1007.57135,(1008.6022,1010.24115,-3.1112146)))
(369,(1007.4248,(1008.5826,1010.24115,-3.148406)))
(370,(1007.3102,(1008.563,1010.24115,-3.1855974)))
(371,(1006.99725,(1008.5434,1010.24115,-3.2227888)))
(372,(1007.741,(1008.5238,1010.24115,-3.2599802)))
(373,(1007.61285,(1008.5042,1010.24115,-3.2971716)))
(374,(1007.7832,(1008.4846,1010.24115,-3.334363)))
(375,(1007.872,(1007.8012,1008.8909,-3.5685809)))
(376,(1008.0,(1007.7304,1008.8909,-3.8004365)))
(377,(1008.0,(1007.6596,1008.8909,-4.0322924)))
(378,(1008.0,(1007.5888,1008.8909,-4.264148)))
(379,(1008.0,(1007.518,1008.8909,-4.496004)))
(380,(1008.0,(1007.4472,1008.8909,-4.72786)))
(381,(1008.0,(1007.3764,1008.8909,-4.959716)))
(382,(1008.0,(1007.3056,1008.8909,-5.1915717)))
(383,(1008.0,(1007.2348,1008.8909,-5.423427)))
(384,(1008.0,(1007.164,1008.8909,-5.655283)))
(385,(1008.0,(1007.0932,1008.8909,-5.887139)))
(386,(1008.0,(1007.02246,1008.8909,-6.118795)))
(387,(1008.0,(1006.9517,1008.8909,-6.350451)))
(388,(1008.0,(1006.881,1008.8909,-6.5821066)))
(389,(1008.0,(1006.81024,1008.8909,-6.8137627)))
(390,(1008.0,(1006.7395,1008.8909,-7.0454187)))
(391,(1008.0,(1006.66876,1008.8909,-7.2770743)))
(392,(1008.0,(1006.598,1008.8909,-7.5087304)))
(393,(1008.0,(1006.5273,1008.8909,-7.7403865)))
(394,(1008.0,(1006.45654,1008.8909,-7.9720426)))
(395,(1008.0,(1006.3858,1008.8909,-8.203698)))
(396,(1017.0,(1006.31506,1008.8909,-8.435354)))
(397,(1012.8677,(1006.2443,1008.8909,-8.66701)))
(398,(1014.21387,(1006.17365,1008.8909,-8.898466)))
(399,(1013.96545,(1006.10297,1008.8909,-9.129922)))
(400,(1013.34973,(1013.4401,1008.54114,7.69772)))
(401,(1013.85,(1013.5305,1008.54114,7.8397536)))
(402,(1013.9965,(1013.6209,1008.54114,7.981787)))
(403,(1014.3031,(1013.7113,1008.54114,8.123821)))
(404,(1014.1841,(1013.8017,1008.54114,8.265855)))
(405,(1014.7446,(1013.8921,1008.54114,8.407888)))
(406,(1014.8489,(1013.9825,1008.54114,8.549921)))
(407,(1015.5873,(1014.07294,1008.54114,8.692051)))
(408,(1015.5875,(1014.1634,1008.54114,8.834181)))
(409,(1015.2562,(1014.25385,1008.54114,8.97631)))
(410,(1016.0905,(1014.3443,1008.54114,9.11844)))
(411,(1016.3983,(1014.43475,1008.54114,9.260569)))
(412,(1015.43726,(1014.5252,1008.54114,9.4026985)))
(413,(1015.70886,(1014.61566,1008.54114,9.544827)))
(414,(1015.5532,(1014.7061,1008.54114,9.686957)))
(415,(1016.2142,(1014.79663,1008.54114,9.829183)))
(416,(1016.28894,(1014.88715,1008.54114,9.971408)))
(417,(1015.98584,(1014.97766,1008.54114,10.113633)))
(418,(1015.86975,(1015.0682,1008.54114,10.255858)))
(419,(1016.35266,(1015.1587,1008.54114,10.398084)))
(420,(1016.4293,(1015.2492,1008.54114,10.540309)))
(421,(1016.05286,(1015.3397,1008.54114,10.682535)))
(422,(1016.2844,(1015.43024,1008.54114,10.82476)))
(423,(1015.8246,(1015.5208,1008.54114,10.967081)))
(424,(1015.0502,(1015.6114,1008.54114,11.109403)))
(425,(1013.3511,(1013.49713,1012.22363,2.843423)))
(426,(1013.99963,(1013.6432,1012.22363,3.1695342)))
(427,(1013.9993,(1013.7893,1012.22363,3.4957817)))
(428,(1013.0012,(1013.9354,1012.22363,3.822029)))
(429,(1012.5999,(1014.08154,1012.22363,4.148277)))
(430,(1012.9125,(1014.2277,1012.22363,4.4746604)))
(431,(1013.0,(1014.3739,1012.22363,4.8010445)))
(432,(1012.8,(1014.5201,1012.22363,5.127428)))
(433,(1013.3292,(1014.6663,1012.22363,5.453948)))
(434,(1013.41565,(1014.81256,1012.22363,5.7804685)))
(435,(1012.9938,(1014.9588,1012.22363,6.1069884)))
(436,(1012.9343,(1015.1051,1012.22363,6.433645)))
(437,(1013.0,(1015.2514,1012.22363,6.760301)))
(438,(1012.7957,(1015.3977,1012.22363,7.0869575)))
(439,(1013.0238,(1015.54407,1012.22363,7.41375)))
(440,(1013.24994,(1015.6904,1012.22363,7.740543)))
(441,(1012.74524,(1015.8368,1012.22363,8.067335)))
(442,(1013.00134,(1015.9832,1012.22363,8.394264)))
(443,(1013.1741,(1016.12964,1012.22363,8.721193)))
(444,(1012.46265,(1016.2761,1012.22363,9.048258)))
(445,(1012.24945,(1016.4226,1012.22363,9.375323)))
(446,(1012.4469,(1016.5691,1012.22363,9.702389)))
(447,(1012.8028,(1016.71564,1012.22363,10.02959)))
(448,(1012.4249,(1016.8622,1012.22363,10.3567915)))
(449,(1012.77356,(1017.0087,1012.22363,10.683993)))
(450,(1012.94214,(1012.9182,1014.19464,-2.1850305)))
(451,(1013.09686,(1012.8943,1014.19464,-2.2259874)))
(452,(1012.7699,(1012.87036,1014.19464,-2.2669444)))
(453,(1013.27496,(1012.84644,1014.19464,-2.3079014)))
(454,(1012.6398,(1012.8225,1014.19464,-2.348858)))
(455,(1012.83826,(1012.7986,1014.19464,-2.389815)))
(456,(1012.7968,(1012.77466,1014.19464,-2.430772)))
(457,(1012.9343,(1012.75073,1014.19464,-2.471729)))
(458,(1012.99994,(1012.7268,1014.19464,-2.5126858)))
(459,(1013.0,(1012.7029,1014.19464,-2.5536427)))
(460,(1013.0,(1012.67896,1014.19464,-2.5945997)))
(461,(1013.0,(1012.655,1014.19464,-2.6355567)))
(462,(1012.97815,(1012.6311,1014.19464,-2.6765134)))
(463,(1012.6242,(1012.6072,1014.19464,-2.7174704)))
(464,(1012.6499,(1012.58325,1014.19464,-2.7584274)))
(465,(1012.765,(1012.5593,1014.19464,-2.7993844)))
(466,(1013.01434,(1012.5354,1014.19464,-2.840341)))
(467,(1012.9994,(1012.5115,1014.19464,-2.881298)))
(468,(1013.1576,(1012.48755,1014.19464,-2.922255)))
(469,(1014.06433,(1012.4636,1014.19464,-2.963212)))
(470,(1014.5729,(1012.4397,1014.19464,-3.004169)))
(471,(1015.8981,(1012.4158,1014.19464,-3.0451257)))
(472,(1015.754,(1012.39185,1014.19464,-3.0860827)))
(473,(1016.3999,(1012.3679,1014.19464,-3.1270397)))
(474,(1016.9977,(1012.344,1014.19464,-3.1679966)))
(475,(1018.4344,(1018.4737,1013.2733,5.3040433)))
(476,(1017.76904,(1018.51306,1013.2733,5.344196)))
(477,(1019.00806,(1018.5524,1013.2733,5.3843484)))
(478,(1021.08575,(1018.5918,1013.2733,5.424501)))
(479,(1022.94995,(1018.63116,1013.2733,5.4646535)))
(480,(1023.66876,(1018.67053,1013.2733,5.5048056)))
(481,(1023.362,(1018.7099,1013.2733,5.544958)))
(482,(1023.80884,(1018.74927,1013.2733,5.5851107)))
(483,(1024.2534,(1018.78864,1013.2733,5.625263)))
(484,(1025.9141,(1018.828,1013.2733,5.6654153)))
(485,(1026.3345,(1018.8674,1013.2733,5.705568)))
(486,(1024.9938,(1018.90674,1013.2733,5.7457204)))
(487,(1024.7749,(1018.9461,1013.2733,5.785873)))
(488,(1024.682,(1018.9855,1013.2733,5.826025)))
(489,(1022.9758,(1019.02484,1013.2733,5.8661776)))
(490,(1020.7587,(1019.0642,1013.2733,5.90633)))
(491,(1021.445,(1019.1036,1013.2733,5.9464827)))
(492,(1021.0437,(1019.14294,1013.2733,5.9866347)))
(493,(1020.80536,(1019.1823,1013.2733,6.0267873)))
(494,(1020.83124,(1019.2217,1013.2733,6.06694)))
(495,(1020.24304,(1019.26105,1013.2733,6.1070924)))
(496,(1020.725,(1019.3004,1013.2733,6.1472445)))
(497,(1020.449,(1019.3398,1013.2733,6.187397)))
(498,(1020.8577,(1019.37915,1013.2733,6.2275496)))
(499,(1020.58435,(1019.4185,1013.2733,6.267702)))
(500,(1020.92804,(1021.08405,1017.8184,14.623058)))
(501,(1020.99915,(1021.2401,1017.8184,15.321906)))
(502,(1020.74414,(1021.3962,1017.8184,16.020754)))
(503,(1020.47156,(1021.55225,1017.8184,16.719603)))
(504,(1020.75,(1021.7084,1017.8184,17.418724)))
(505,(1021.4993,(1021.8645,1017.8184,18.117846)))
(506,(1021.328,(1022.0207,1017.8184,18.81724)))
(507,(1021.6422,(1022.1769,1017.8184,19.516634)))
(508,(1022.218,(1022.33307,1017.8184,20.216028)))
(509,(1022.0546,(1022.4893,1017.8184,20.915697)))
(510,(1022.49207,(1022.64557,1017.8184,21.615364)))
(511,(1023.2999,(1022.8019,1017.8184,22.315306)))
(512,(1022.172,(1022.9582,1017.8184,23.015247)))
(513,(1021.7124,(1023.1145,1017.8184,23.715187)))
(514,(1021.6895,(1023.2709,1017.8184,24.415401)))
(515,(1020.28735,(1023.42725,1017.8184,25.115616)))
(516,(1019.97437,(1023.5837,1017.8184,25.816105)))
(517,(1019.07654,(1023.7401,1017.8184,26.516592)))
(518,(1019.1593,(1023.89655,1017.8184,27.21708)))
(519,(1019.3064,(1024.053,1017.8184,27.917568)))
(520,(1020.2223,(1024.2095,1017.8184,28.618328)))
(521,(1019.59436,(1024.366,1017.8184,29.31909)))
(522,(1020.5657,(1024.5225,1017.8184,30.019852)))
(523,(1020.569,(1024.6791,1017.8184,30.721159)))
(524,(1020.63666,(1024.8357,1017.8184,31.422466)))
(525,(1021.28613,(1021.35846,1021.5029,-0.63187975)))
(526,(1020.999,(1021.4308,1021.5029,-0.31553942)))
(527,(1020.4175,(1021.5031,1021.5029,8.008615E-4)))
(528,(1021.0,(1021.57544,1021.5029,0.31714115)))
(529,(1021.0616,(1021.64777,1021.5029,0.63348144)))
(530,(1020.90137,(1021.7201,1021.5029,0.9498217)))
(531,(1020.94836,(1021.7924,1021.5029,1.266162)))
(532,(1020.2593,(1021.86475,1021.5029,1.5825024)))
(533,(1019.08325,(1021.93713,1021.5029,1.8991096)))
(534,(1018.9878,(1022.0095,1021.5029,2.2157168)))
(535,(1019.30505,(1022.0819,1021.5029,2.532324)))
(536,(1018.275,(1022.1543,1021.5029,2.8489313)))
(537,(1018.97833,(1022.2267,1021.5029,3.1655385)))
(538,(1019.15625,(1022.2991,1021.5029,3.4821458)))
(539,(1019.03125,(1022.37146,1021.5029,3.798753)))
(540,(1019.1193,(1022.44385,1021.5029,4.1153603)))
(541,(1019.89606,(1022.51624,1021.5029,4.4319677)))
(542,(1020.15063,(1022.5886,1021.5029,4.7485747)))
(543,(1019.5,(1022.661,1021.5029,5.065182)))
(544,(1020.0984,(1022.7334,1021.5029,5.381789)))
(545,(1019.44653,(1022.80585,1021.5029,5.6986637)))
(546,(1019.82776,(1022.8783,1021.5029,6.0155377)))
(547,(1019.8187,(1022.95074,1021.5029,6.332412)))
(548,(1019.8108,(1023.0232,1021.5029,6.6492863)))
(549,(1019.9984,(1023.09564,1021.5029,6.9661603)))
(550,(1019.8751,(1019.8625,1020.4146,-1.0934864)))
(551,(1019.60376,(1019.84985,1020.4146,-1.1185087)))
(552,(1019.8175,(1019.8372,1020.4146,-1.1435311)))
(553,(1019.728,(1019.8246,1020.4146,-1.1685534)))
(554,(1019.57495,(1019.81195,1020.4146,-1.1935756)))
(555,(1019.3521,(1019.7993,1020.4146,-1.2185979)))
(556,(1019.5109,(1019.7867,1020.4146,-1.2436202)))
(557,(1020.0992,(1019.77405,1020.4146,-1.2686425)))
(558,(1020.2922,(1019.7614,1020.4146,-1.2936648)))
(559,(1021.0,(1019.7488,1020.4146,-1.3186871)))
(560,(1021.0875,(1019.73615,1020.4146,-1.3437093)))
(561,(1020.497,(1019.7235,1020.4146,-1.3687317)))
(562,(1020.7916,(1019.7109,1020.4146,-1.393754)))
(563,(1020.0703,(1019.69824,1020.4146,-1.4187763)))
(564,(1019.99365,(1019.6856,1020.4146,-1.4437985)))
(565,(1020.63745,(1019.673,1020.4146,-1.4688209)))
(566,(1020.9033,(1019.66034,1020.4146,-1.4938432)))
(567,(1019.7426,(1019.6477,1020.4146,-1.5188655)))
(568,(1020.0101,(1019.6351,1020.4146,-1.5438877)))
(569,(1020.1117,(1019.62244,1020.4146,-1.56891)))
(570,(1020.69995,(1019.6098,1020.4146,-1.5939324)))
(571,(1021.38916,(1019.59717,1020.4146,-1.6189547)))
(572,(1021.3932,(1019.58453,1020.4146,-1.6439769)))
(573,(1021.44995,(1019.5719,1020.4146,-1.6689992)))
(574,(1021.0012,(1019.55927,1020.4146,-1.6940216)))
